5
92
31
89
20
97
14
85
26
87
93
88
88
74
29
99
79
93
97
46
43
87
53
60
15
25
8
43
52
86
23
40
79
40
66
24
11
4
58
2
51
97
34
8
10
18
58
22
24
17
2
78
93
89
4
86
58
24
30
57
47
66
15
88
69
9
68
94
56
38
86
42
33
42
11
81
59
94
98
97
16
25
49
79
6
79
14
46
16
63
46
29
27
87
86
83
51
88
59
87
43
69
94
54
88
69
50
65
63
65
83
36
13
8
19
9
65
69
18
75
4
83
46
91
1
97
53
36
100
93
85
27
69
95
99
34
96
87
60
62
59
83
33
96
100
16
37
32
3
60
73
14
64
92
20
10
68
20
80
60
30
20
17
46
94
56
81
41
20
24
50
18
42
16
73
80
45
75
40
52
91
71
11
18
71
46
98
80
72
73
91
42
15
97
95
76
65
74
100
15
26
55
31
78
84
41
7
17
68
42
7
81
14
82
47
96
64
17
22
77
30
87
97
31
65
43
72
17
98
19
11
77
8
22
83
3
22
93
31
23
48
56
17
88
42
90
30
83
89
64
71
87
89
22
67
34
30
71
50
13
9
94
47
91
64
59
78
8
16
21
96
89
23
15
84
87
2
81
48
4
92
96
9
39
17
46
16
92
75
41
15
61
75
24
60
72
72
87
84
44
97
47
3
56
8
49
80
7
3
25
36
63
46
73
1
65
19
32
93
17
76
17
70
31
80
83
37
41
9
54
50
37
29
13
51
3
42
31
95
84
52
26
67
82
75
14
73
1
35
83
22
44
21
70
6
68
43
53
59
77
39
27
18
29
88
98
25
43
95
69
74
51
18
90
73
24
95
81
23
83
12
23
99
61
54
89
82
4
52
49
81
20
78
68
14
66
47
83
73
19
65
87
46
6
52
79
21
39
78
24
62
31
18
69
7
41
19
78
91
92
96
80
32
32
42
75
9
35
98
30
35
52
53
56
26
50
86
88
92
59
68
56
86
10
65
64
63
3
83
21
74
18
74
97
60
26
55
17
11
16
15
34
2
53
79
46
66
40
65
90
58
81
13
89
19
2
26
48
2
89
32
78
88
72
54
96
49
37
100
93
52
76
65
8
34
75
59
71
18
82